2
Phi=90.0000000000002(deg)

Frequency	Theta	E Total. dB	E(Phi) . Amp dB	E(Theta) . Amp dB	E(Phi) . Phase	E(Theta) . Phase
2402000000	-3.1415926536	-17.7107271810809	-24.0584918032714	-18.8563164467041	0.0719759146434974	3.10573084211431
2402000000	-3.089232776	-19.3370563948783	-20.2665270756908	-26.4889925621542	-0.175998283888897	-2.62401742429278
2402000000	-3.0368728985	-16.8471694144496	-17.2584310017902	-27.2878392587546	-0.356329339727383	-0.792434538842714
2402000000	-2.9845130209	-14.3904077078689	-15.6009122171923	-20.5297896055241	-0.46930716318101	0.0393584536551546
2402000000	-2.9321531434	-12.3427625982624	-15.0291289893103	-15.7031194059327	-0.566984537035188	0.58199895506444
2402000000	-2.8797932658	-9.9271671318778	-15.0064109860372	-11.5418875192748	-0.679750568095281	0.975880666935503
2402000000	-2.8274333882	-7.45008695080978	-14.9426940538485	-8.30206048561952	-0.805545575172965	1.23637989274805
2402000000	-2.7750735107	-5.58000823154743	-14.5270537529468	-6.17204016520922	-0.913022646527902	1.40723356351536
2402000000	-2.7227136331	-4.62392929012719	-13.9194306517383	-5.16733099603839	-0.978662084451652	1.5236986951159
2402000000	-2.6703537556	-4.67189244837332	-13.4693912972554	-5.28620296882173	-1.01169723639174	1.6098054041522
2402000000	-2.617993878	-5.81026632631901	-13.4336333833389	-6.63441086018534	-1.03569164199855	1.68780851576359
2402000000	-2.5656340004	-8.23052399637959	-13.9337392945268	-9.59107864632266	-1.07244198332186	1.79736452981558
2402000000	-2.5132741229	-12.1822815692589	-14.9992063394946	-15.3949698712343	-1.13737925979928	2.10208177141668
2402000000	-2.4609142453	-14.9425028578393	-16.6531077027283	-19.8161136516815	-1.24128031660215	-2.69156245390083
2402000000	-2.4085543678	-11.2995993008075	-19.0956099933567	-12.088517922477	-1.39690713122846	-1.94207911342078
2402000000	-2.3561944902	-7.64278738104132	-22.9702394846659	-7.7720540032181	-1.66686512146219	-1.75869048338424
2402000000	-2.3038346126	-5.24169016930881	-28.8822006994946	-5.26051252760715	-2.47245328550142	-1.65908716346161
2402000000	-2.2514747351	-3.70517827727654	-25.0905423716933	-3.7368616281063	2.46581337756417	-1.58489503888673
2402000000	-2.1991148575	-2.78522574652424	-19.1755393901024	-2.88610154233205	2.05042858140929	-1.52692274081506
2402000000	-2.14675498	-2.34806512581984	-15.4312537339653	-2.56702650626428	1.86180028684301	-1.48511505787134
2402000000	-2.0943951024	-2.30034204041759	-12.8182157307803	-2.70400974501191	1.73043640861364	-1.45883350130687
2402000000	-2.0420352248	-2.55074320591491	-10.8235658367382	-3.2506277817613	1.62495640034871	-1.44298614904623
2402000000	-1.9896753473	-2.99107553446367	-9.21191919261714	-4.17571546200814	1.54026551030102	-1.42655262105404
2402000000	-1.9373154697	-3.50689922292686	-7.89678769788629	-5.47181173353537	1.47451143852419	-1.39179424650126
2402000000	-1.8849555922	-3.99191007280868	-6.87033872174932	-7.1382112728829	1.42212449405868	-1.31296319931317
2402000000	-1.8325957146	-4.359375339489	-6.14456883487978	-9.0824295762148	1.37399757276901	-1.15208088068719
2402000000	-1.780235837	-4.55749118939864	-5.72700226326726	-10.8269319805436	1.32070609685708	-0.865414469284043
2402000000	-1.7278759595	-4.56199637978633	-5.59713459288706	-11.2971498593826	1.25549107800228	-0.483024391977989
2402000000	-1.6755160819	-4.3846560016275	-5.72798563919293	-10.1350388571224	1.17725470441444	-0.167345245962171
2402000000	-1.6231562044	-4.0607713660201	-6.09674851574004	-8.32917713134868	1.08937241158625	-0.0032715771616281
2402000000	-1.5707963268	-3.64676367563447	-6.71122853780622	-6.60356595459741	0.997689305766714	0.0482067342344469
2402000000	-1.5184364492	-3.21291655581028	-7.61210459077047	-5.1725173571437	0.906635015344747	0.0372490543673821
2402000000	-1.4660765717	-2.8384563321548	-8.85483490096033	-4.089251725366	0.81597686418328	-0.0047845911917079
2402000000	-1.4137166941	-2.59537710881778	-10.4750493501318	-3.36782107515155	0.723480252030745	-0.0617257100376329
2402000000	-1.3613568166	-2.53971261980285	-12.4795616418185	-3.00402268542225	0.631889378932984	-0.12609382143379
2402000000	-1.308996939	-2.70769988306067	-14.8917825412096	-2.97862668198146	0.561613464517766	-0.193830758856047
2402000000	-1.2566370614	-3.14041025224724	-17.8230133051546	-3.29073080172528	0.572459813818051	-0.260743521727116
2402000000	-1.2042771839	-3.9028014271273	-21.2393344382373	-3.98374303081504	0.812885731353151	-0.321250304313309
2402000000	-1.1519173063	-5.12874142817277	-22.5884043849888	-5.20739980834201	1.4512202683879	-0.367553032774899
2402000000	-1.0995574288	-7.03954201352041	-19.5404351917599	-7.29084613477518	1.97154092968258	-0.387169506083792
2402000000	-1.0471975512	-9.87186198313323	-16.2171859100028	-11.0181882274321	2.16477388256533	-0.340517398271665
2402000000	-0.9948376736	-12.6057594560634	-13.7730271766267	-18.8824674307447	2.22357451318769	0.0762452074643391
2402000000	-0.9424777961	-10.7394997675457	-12.0072549590359	-16.7054577585649	2.23190938661556	1.89096710367479
2402000000	-0.8901179185	-6.8143023481137	-10.7275183155735	-9.07747965525748	2.22598878732771	2.18790543104808
2402000000	-0.837758041	-3.73744343710544	-9.84648796419608	-4.95774505029214	2.2270981283742	2.24484633692266
2402000000	-0.7853981634	-1.51525174278299	-9.3854171527885	-2.28954873308341	2.24806797727706	2.26596790018971
2402000000	-0.7330382858	0.0863716611518786	-9.4011149409622	-0.432069999053894	2.29709550500265	2.28523648690441
2402000000	-0.6806784083	1.21260905361582	-9.95522308339402	0.867346181200752	2.37977712236242	2.31349964164286
2402000000	-0.6283185307	1.93147732271282	-11.0816465940001	1.70886195422525	2.50131502933355	2.35451011006954
2402000000	-0.5759586532	2.25601174268978	-12.7701746579092	2.11730987553881	2.6701631005135	2.40986100024173
2402000000	-0.5235987756	2.16377350262086	-14.9650147346395	2.07882692361558	2.89397869988879	2.48209593219737
2402000000	-0.47123889804	1.62957095494143	-17.6287716276969	1.57774602511327	-3.10463310186379	2.5784322455053
2402000000	-0.41887902048	0.652647413333684	-20.9014742001644	0.622175842877476	-2.74198858623488	2.71346288506631
2402000000	-0.36651914292	-0.635818075898246	-25.2015553082354	-0.651022521479812	-2.19696991409079	2.91227325053383
2402000000	-0.31415926536	-1.81479368716192	-28.4468203320576	-1.82423546223083	-1.09532194812638	-3.08570133883174
2402000000	-0.2617993878	-2.18608379605082	-24.2515542954412	-2.21316016207118	-0.0662860028647696	-2.74163077467777
2402000000	-0.20943951024	-1.53351885409817	-19.7055173234323	-1.60018626215419	0.412050659696104	-2.43517025619818
2402000000	-0.15707963268	-0.422298122461913	-16.4327652432909	-0.532512091789019	0.709496662792507	-2.22682256582494
2402000000	-0.10471975512	0.61212642359994	-14.0543984209101	0.461238536050316	0.929615165423116	-2.10409260640624
2402000000	-0.05235987756	1.34714923329303	-12.3979283222511	1.15981832748156	1.09782932311133	-2.03483524863036
2402000000	0	1.70078700386149	-11.3992295940414	1.48269403371971	1.22233954507303	-1.9929583179264
2402000000	0.05235987756	1.62883619402287	-11.0394435182482	1.38730288197602	-1.83261557578507	1.18285055292886
2402000000	0.10471975512	1.07586154771366	-11.272096301869	0.815274558312035	-1.77806440373391	1.22664555728409
2402000000	0.15707963268	-0.032464945205242	-11.9931803158516	-0.318171218188076	-1.74685344837821	1.29922203339738
2402000000	0.20943951024	-1.69359962127028	-13.0565140364165	-2.02310615763053	-1.72444378166182	1.43200540665486
2402000000	0.2617993878	-3.68861086354544	-14.2790989696987	-4.08527005141358	-1.68761480789534	1.67194608454169
2402000000	0.31415926536	-5.21040770730974	-15.4720713418041	-5.63985865700729	-1.60871634650206	2.04189179054687
2402000000	0.36651914292	-5.39818170526603	-16.4438694547443	-5.75370702980901	-1.46808825031936	2.41973396356278
2402000000	0.41887902048	-4.79406177540588	-16.9540552973299	-5.06654378208198	-1.26935659268529	2.64861008041986
2402000000	0.47123889804	-4.31240957194472	-16.8029558700132	-4.56433085468853	-1.04669720825955	2.72250970453857
2402000000	0.5235987756	-4.22165380734785	-16.0244355582688	-4.51831077602122	-0.845835451608513	2.68531832154808
2402000000	0.5759586532	-4.40911048555084	-14.8885918205201	-4.81653598499338	-0.691041960929512	2.56856043743537
2402000000	0.6283185307	-4.66282009434245	-13.6980611711163	-5.24211974580227	-0.576456392716498	2.39900512327611
2402000000	0.6806784083	-4.848033094301	-12.7200086068348	-5.62197689478628	-0.482604517587037	2.20528075411023
2402000000	0.7330382858	-4.96609869925264	-12.1254363748339	-5.89380490537731	-0.385681537919266	2.0169018757383
2402000000	0.7853981634	-5.10915596284239	-11.9983960407924	-6.10373842714082	-0.265986734200369	1.85908123031647
2402000000	0.837758041	-5.3859430855683	-12.3038048196081	-6.37319001353569	-0.105740123669066	1.75256681785662
2402000000	0.8901179185	-5.87430154319559	-12.8333354336084	-6.85110216544736	0.107168261166647	1.71637825666388
2402000000	0.9424777961	-6.5872148223108	-13.2494318987086	-7.6421950819772	0.36505495517795	1.77296658680429
2402000000	0.9948376736	-7.35245673597058	-13.2532161356922	-8.64253724928975	0.629979717815626	1.95331174188735
2402000000	1.0471975512	-7.69504969214265	-12.8662329562019	-9.26899263207796	0.856683468500069	2.2730532583039
2402000000	1.0995574288	-7.14443726099479	-12.2965552604201	-8.72673411581701	1.02748033162209	2.65351496397475
2402000000	1.1519173063	-5.91229393960049	-11.7364720817913	-7.22918026047806	1.14774869435836	2.96002041255694
2402000000	1.2042771839	-4.56640496140355	-11.2877473022271	-5.60526799141087	1.22809804693555	-3.12314318347801
2402000000	1.2566370614	-3.43475527387501	-11.0207724713499	-4.26674543686496	1.27678455463729	-2.99598367727385
2402000000	1.308996939	-2.60647756303895	-10.9861869832311	-3.28793850305182	1.29868138338855	-2.91014247267262
2402000000	1.3613568166	-2.08416636791658	-11.2160865949736	-2.64984428437118	1.29871236101528	-2.84786171811083
2402000000	1.4137166941	-1.86986220427556	-11.7126292704316	-2.34526407510209	1.28491007373892	-2.80169692481333
2402000000	1.4660765717	-1.98059280543252	-12.4818755810963	-2.38587993379968	1.26769054439171	-2.77125334640346
2402000000	1.5184364492	-2.4445809959785	-13.5491652894456	-2.79511882325128	1.25709615901166	-2.76108627647743
2402000000	1.5707963268	-3.27815651783201	-15.0053561361065	-3.58020686491301	1.25627010310041	-2.77880984464389
2402000000	1.6231562044	-4.46015399024876	-17.0050119769062	-4.70885304008986	1.25749072295411	-2.83447095712251
2402000000	1.6755160819	-5.91082586725528	-19.8556719842929	-6.08955926899576	1.23899976655189	-2.93798992244172
2402000000	1.7278759595	-7.47915217274516	-24.2318565319352	-7.57186531179845	1.15543125725291	-3.09667315355707
2402000000	1.780235837	-8.94085841234902	-32.3661745997946	-8.96063909846222	0.805659707464322	2.96851971469736
2402000000	1.8325957146	-9.98929013656527	-34.6171785909972	-10.0042781699577	-1.28686446527471	2.69082108405531
2402000000	1.8849555922	-10.2496703899265	-26.0157335047681	-10.3663510755486	-1.8185868310592	2.37042259462101
2402000000	1.9373154697	-9.58008257703707	-21.6025074468694	-9.86162436743934	-2.00432122325538	2.06144934331756
2402000000	1.9896753473	-8.38630921614584	-18.7439002003257	-8.80591005676549	-2.10020377555294	1.81688462255212
2402000000	2.0420352248	-7.20095050707671	-16.8980178726449	-7.69352695045631	-2.1398384295887	1.6406145996958
2402000000	2.0943951024	-6.29176967518593	-15.9278658910933	-6.79172679892932	-2.15393954478089	1.50388649841327
2402000000	2.14675498	-5.65369089367523	-15.745924003427	-6.10113755103496	-2.17931349269993	1.37898278930205
2402000000	2.1991148575	-5.12968201157282	-16.2346226077598	-5.48018988895926	-2.26360905447296	1.25570203924175
2402000000	2.2514747351	-4.55466303562005	-16.9974237775246	-4.80945489491551	-2.4496634860387	1.14504709994569
2402000000	2.3038346126	-3.93301658001853	-17.3297469812238	-4.13636414599083	-2.72571272301255	1.06580887651529
2402000000	2.3561944902	-3.44781160030279	-17.0337602799545	-3.64229261283302	-2.99516264781319	1.02482089339601
2402000000	2.4085543678	-3.32982196113413	-16.790503186107	-3.53012750663594	3.06702569016068	1.01023944388517
2402000000	2.4609142453	-3.73744155890358	-16.9835021131504	-3.94814460553452	2.81628927969489	0.995028735844666
2402000000	2.5132741229	-4.66601715612794	-16.6787621253968	-4.94820802787414	2.43413557344652	0.936593493368542
2402000000	2.5656340004	-5.67042202216069	-14.2974098069294	-6.31123655986076	2.04311879704976	0.774869157936584
2402000000	2.617993878	-5.62912990417603	-10.9042568798779	-7.15844007638619	1.84521080670211	0.474761661411451
2402000000	2.6703537556	-4.22414190178868	-8.0303644609406	-6.56204052608098	1.79600246751385	0.152942254148818
2402000000	2.7227136331	-2.65764596060586	-6.11909993562465	-5.2592795889829	1.81327291007222	-0.0429407615992658
2402000000	2.7750735107	-1.7678118466652	-5.27181247785339	-4.33484939838166	1.85534637696922	-0.121780708418966
2402000000	2.8274333882	-1.80123177955975	-5.55437546246844	-4.17738267120649	1.90489489282408	-0.139467598394855
2402000000	2.8797932658	-2.80660920566816	-7.08831512980149	-4.83465125708399	1.95638434510114	-0.135439704977377
2402000000	2.9321531434	-4.75494999831625	-10.0996068076369	-6.25524227227867	2.01412908884665	-0.134167346877526
2402000000	2.9845130209	-7.48689152924589	-14.9913167614934	-8.33630785203235	2.10615772562585	-0.148012011914053
2402000000	3.0368728985	-10.6617583336126	-22.1295394656444	-10.9831055105086	2.37616472247454	-0.170341712058165
2402000000	3.089232776	-14.0329281175878	-26.7109908213968	-14.2739025992155	3.08667071446818	-0.162036416100445
2402000000	3.1415926536	-17.7107271810809	-24.0584918032714	-18.8563164467041	-3.0696167389463	-0.0358618114754817
2420000000	-3.1415926536	-20.6688650288372	-26.9495676642638	-21.8349017024833	-2.43323194082047	0.66632999773532
2420000000	-3.089232776	-21.7015371581233	-21.9569352936365	-34.1342763261502	-2.6776649325515	1.8028371207771
2420000000	-3.0368728985	-17.6423617625466	-18.6097389627508	-24.6389603687528	-2.8005748435131	-2.80031291078987
2420000000	-2.9845130209	-15.1032272380664	-17.0575582782673	-19.5116723940573	-2.87327797844966	-2.2897686131411
2420000000	-2.9321531434	-13.0983577087862	-16.6384963401202	-15.6364873989915	-2.96244372978102	-1.77287933377111
2420000000	-2.8797932658	-10.4440246647375	-16.4780351203726	-11.6889510365644	-3.10463817067161	-1.36029318558432
2420000000	-2.8274333882	-7.67109431164687	-15.8067304804435	-8.39541973712132	3.00747119345399	-1.09362808377974
2420000000	-2.7750735107	-5.59258139495411	-14.6025040243392	-6.17550590188144	2.8733947791169	-0.924485550340053
2420000000	-2.7227136331	-4.48397232877543	-13.4545797644174	-5.07257374120379	2.79885366756867	-0.810760557456142
2420000000	-2.6703537556	-4.4035453635985	-12.820506488424	-5.07870913745704	2.76226440976835	-0.725852522057213
2420000000	-2.617993878	-5.40370053525745	-12.8435164923457	-6.26720106722504	2.73880345932709	-0.647616311900396
2420000000	-2.5656340004	-7.62860462138082	-13.4666591140401	-8.94058630164481	2.71218386826457	-0.540083462647017
2420000000	-2.5132741229	-11.2751495963862	-14.5542714109778	-14.0323018737238	2.67402696252885	-0.277145691109812
2420000000	-2.4609142453	-14.5560812994956	-16.0196111373122	-19.9911431326523	2.62248575810551	0.927934565779675
2420000000	-2.4085543678	-11.986285510964	-18.0744084238054	-13.2133965081256	2.55279012131764	1.91805760828234
2420000000	-2.3561944902	-8.41079163407499	-21.557943835743	-8.6264709148737	2.43207094066429	2.1543811380424
2420000000	-2.3038346126	-5.96441264254889	-29.3582570519636	-5.98433752342201	1.95621130915224	2.27117028566294
2420000000	-2.2514747351	-4.35488779895388	-26.5577037664938	-4.38111872364878	-0.00883594025365541	2.35385257409912
2420000000	-2.1991148575	-3.32669667992876	-18.6256745364576	-3.45682648206719	-0.358391000601443	2.41760856579606
2420000000	-2.14675498	-2.75688427616068	-14.4520225047399	-3.06125301799877	-0.490236834560269	2.46474116620175
2420000000	-2.0943951024	-2.57858699851075	-11.8081226616677	-3.13085728288731	-0.590594670320383	2.49740323470675
2420000000	-2.0420352248	-2.72567208142564	-9.92408391312692	-3.64412467195462	-0.67924497521511	2.52185601528161
2420000000	-1.9896753473	-3.10515771053125	-8.44720910475038	-4.60652551943848	-0.754537991757881	2.55029050981264
2420000000	-1.9373154697	-3.58271118650379	-7.23367613642458	-6.03481990715209	-0.813209438833453	2.60333757774016
2420000000	-1.8849555922	-4.00180843754518	-6.26799802107337	-7.91062364159324	-0.858799757404363	2.71453307061511
2420000000	-1.8325957146	-4.23966813161876	-5.58411291326768	-9.9869761168416	-0.901996202842734	2.9354965992691
2420000000	-1.780235837	-4.26679902930247	-5.21526519755975	-11.3400294698217	-0.954022139387024	-2.98494857555431
2420000000	-1.7278759595	-4.12709134653729	-5.15767759222229	-10.8791989643995	-1.02258171127002	-2.60009298091166
2420000000	-1.6755160819	-3.86530171664038	-5.36707483612599	-9.2063718443704	-1.10772943782173	-2.35741897937627
2420000000	-1.6231562044	-3.51141422215487	-5.79796196551095	-7.39068296920033	-1.20205496451948	-2.25285162491699
2420000000	-1.5707963268	-3.10333603509875	-6.44242512559655	-5.80799606137477	-1.29347720100114	-2.22819356257
2420000000	-1.5184364492	-2.70084414743599	-7.34422301637596	-4.52711287287254	-1.3735149665197	-2.24306502114905
2420000000	-1.4660765717	-2.37604232281063	-8.5796584321093	-3.56609896037657	-1.44154528823644	-2.27732942280017
2420000000	-1.4137166941	-2.1894005991151	-10.2041379506873	-2.93603424235164	-1.50431430456665	-2.32208074549092
2420000000	-1.3613568166	-2.18439264544657	-12.2415003969292	-2.63566835254176	-1.56815654577969	-2.37448922057572
2420000000	-1.308996939	-2.39616759724347	-14.6818968184954	-2.66063217903163	-1.62402504336536	-2.43311372196496
2420000000	-1.2566370614	-2.86720634892773	-17.5448320815984	-3.01770229654961	-1.62076977920338	-2.49455298914823
2420000000	-1.2042771839	-3.67668182884474	-20.7411202503467	-3.76290911147622	-1.42004313099293	-2.55243516796873
2420000000	-1.1519173063	-4.96157518094138	-22.1694084387022	-5.04497484389498	-0.854804243884672	-2.59559381207149
2420000000	-1.0995574288	-6.93406917133978	-19.4594971360378	-7.18391607518223	-0.340798982807805	-2.60517313198608
2420000000	-1.0471975512	-9.78559503212152	-16.1995635591045	-10.9113977341242	-0.134044768952938	-2.52563008047116
2420000000	-0.9948376736	-12.3679254549539	-13.8125131436149	-17.8506204470895	-0.068623639220212	-1.99923959124534
2420000000	-0.9424777961	-10.4617823129768	-12.1701874587755	-15.3399534955013	-0.0580477679347615	-0.491006503038665
2420000000	-0.8901179185	-6.64372024583261	-11.0319904920106	-8.60955888130532	-0.065502162066558	-0.149263003869063
2420000000	-0.837758041	-3.60868891748892	-10.2738969522917	-4.66284713128974	-0.0681637789266539	-0.0613112347591796
2420000000	-0.7853981634	-1.3820061194635	-9.86741210030598	-2.04576285621836	-0.0494140604402546	-0.0197569226567879
2420000000	-0.7330382858	0.244631603687836	-9.86989090024285	-0.200403010823012	0.00139501467139311	0.0137131921251511
2420000000	-0.6806784083	1.39665752779773	-10.3495923136461	1.09597605804911	0.0908566049916301	0.0511732891973502
2420000000	-0.6283185307	2.12964438219133	-11.3661989709531	1.93099155190784	0.224870945755825	0.0977565936990873
2420000000	-0.5759586532	2.45304583512628	-12.9432192843411	2.32584132768761	0.41182600297917	0.156872345044278
2420000000	-0.5235987756	2.34705009495317	-15.0650821058352	2.26751814692334	0.664919118433374	0.233732476713906
2420000000	-0.47123889804	1.79127776623414	-17.7138228921242	1.74233153489209	1.01172448714743	0.337949127095039
2420000000	-0.41887902048	0.802347394836191	-20.6935944393818	0.771463404185882	1.5147042200193	0.4868516625981
2420000000	-0.36651914292	-0.440883493949809	-22.8159953097982	-0.466091175524424	2.26316191816011	0.705032705688031
2420000000	-0.31415926536	-1.47283372020108	-21.9166992271434	-1.51222187899284	3.08962301003025	1.00884119234482
2420000000	-0.2617993878	-1.65862643221884	-19.2232345919235	-1.73539015492982	-2.58501921634515	1.35668376148001
2420000000	-0.20943951024	-0.946110331345744	-16.4982249044515	-1.06876702532517	-2.15420279531691	1.65350553038419
2420000000	-0.15707963268	0.093901402953503	-14.0802880250305	-0.075456610800525	-1.82774928998071	1.85240755313781
2420000000	-0.10471975512	1.01665132054995	-12.0512249489644	0.796896664120094	-1.58044360458565	1.96977017176861
2420000000	-0.05235987756	1.64034705906652	-10.5122159031628	1.36738347505928	-1.40037571692784	2.03620147037853
2420000000	0	1.89145063959485	-9.55312593217225	1.56831623432664	-1.27536923276244	2.078138081
2420000000	0.05235987756	1.72753798985453	-9.20572723448024	1.36228616557029	1.94915908446825	-1.02524565912522
2420000000	0.10471975512	1.08327520809713	-9.43338231109479	0.679489024650221	2.00303857028476	-0.96966155868683
2420000000	0.15707963268	-0.0896067119541908	-10.1485112295227	-0.540685717098666	2.04192473423944	-0.870989145409833
2420000000	0.20943951024	-1.73002627994988	-11.2151100760919	-2.24877269428012	2.08195740819383	-0.691271539375715
2420000000	0.2617993878	-3.42165736160252	-12.4825228029745	-3.99731286382554	2.14117292493573	-0.386479002338088
2420000000	0.31415926536	-4.26137500047201	-13.8042503669881	-4.77284394421278	2.23252713521401	0.0120403051836842
2420000000	0.36651914292	-3.95484416562621	-15.0548183657641	-4.30576974573552	2.36219681906782	0.343244803106778
2420000000	0.41887902048	-3.36095557363399	-16.1114188641391	-3.59783543608592	2.52992425643162	0.520929145390016
2420000000	0.47123889804	-3.12581365022816	-16.767338623371	-3.31776629329368	2.7304924651635	0.571381496630408
2420000000	0.5235987756	-3.36856064891711	-16.7559307027924	-3.57235741953825	2.9421722038267	0.529008428758395
2420000000	0.5759586532	-3.94693996455066	-16.0314328320183	-4.22435628495289	3.12700217541207	0.414096011139622
2420000000	0.6283185307	-4.63342715678111	-14.9547639465807	-5.05672251660327	-3.01832010494897	0.244240655880777
2420000000	0.6806784083	-5.24660730750712	-14.0004718015937	-5.86758630485964	-2.9124420708619	0.0437172106068569
2420000000	0.7330382858	-5.75352948999237	-13.4836386401549	-6.55569603614101	-2.808372382935	-0.154874587274134
2420000000	0.7853981634	-6.25632977792582	-13.5198367533201	-7.15959291036865	-2.6747213701501	-0.316270366974065
2420000000	0.837758041	-6.88348475017364	-13.9749888101485	-7.82750243122961	-2.48339847987987	-0.407122842821924
2420000000	0.8901179185	-7.68156170276693	-14.4392037360776	-8.71066690133906	-2.22347052286844	-0.392757067816162
2420000000	0.9424777961	-8.4637599378235	-14.4023675050261	-9.74082572496195	-1.93351150741117	-0.229002774751128
2420000000	0.9948376736	-8.65130714321935	-13.807278269863	-10.2319113995127	-1.67943982269559	0.108071245753895
2420000000	1.0471975512	-7.70868910647161	-12.9963181927908	-9.23273288458906	-1.48801105650689	0.512215994303931
2420000000	1.0995574288	-6.02600005393233	-12.2271461025617	-7.21683564965535	-1.34330217719322	0.81818926346605
2420000000	1.1519173063	-4.31421534691499	-11.5870526302065	-5.21532422270851	-1.22582652570448	1.005395315411
2420000000	1.2042771839	-2.90456646804752	-11.1004068538122	-3.61805394473906	-1.13026598617838	1.11806946121567
2420000000	1.2566370614	-1.84902498839085	-10.8166555377302	-2.43805864794134	-1.06207817204395	1.18871638685856
2420000000	1.308996939	-1.11637478012924	-10.7930891264455	-1.6114020938558	-1.0283566272524	1.23617813572385
2420000000	1.3613568166	-0.672828905865359	-11.0577252248174	-1.08966951236058	-1.03056059375042	1.27041371876221
2420000000	1.4137166941	-0.510415304191851	-11.571846442269	-0.864600248483294	-1.060017038083	1.2960473258272
2420000000	1.4660765717	-0.648099958429943	-12.2759246990904	-0.957396369265659	-1.10034860206435	1.31327939048548
2420000000	1.5184364492	-1.11809028049311	-13.166933637003	-1.39786842582613	-1.13301379777714	1.31852455346746
2420000000	1.5707963268	-1.94731905238368	-14.3220441491569	-2.20625618421782	-1.15266177425152	1.30574280265748
2420000000	1.6231562044	-3.13546878180154	-15.9031838570841	-3.37138356022158	-1.17377813549334	1.26624927853548
2420000000	1.6755160819	-4.63996404258432	-18.1423034916344	-4.83831306891434	-1.23183515257094	1.1906140777666
2420000000	1.7278759595	-6.36803937725945	-21.2409699261641	-6.51180656783431	-1.38785775455556	1.06918628662494
2420000000	1.780235837	-8.17002579740802	-25.1466051124426	-8.2580332236246	-1.7392809812734	0.892458713881084
2420000000	1.8325957146	-9.82200843291506	-28.7132253587322	-9.87843464209213	-2.39669722165731	0.648927025359442
2420000000	1.8849555922	-10.9446302388697	-29.4672105829632	-11.00609068026	3.00282070710804	0.334831611607911
2420000000	1.9373154697	-11.0915366606732	-26.6932451118719	-11.2127810306829	2.29043949964651	-0.0114067779721337
2420000000	1.9896753473	-10.3104356581529	-23.1302868475452	-10.5434583597896	1.94635014028844	-0.315352464276865
2420000000	2.0420352248	-9.18629498392927	-20.3892121264101	-9.52866739595766	1.83500290132174	-0.546121395635447
2420000000	2.0943951024	-8.14433846010085	-18.6103415588243	-8.55309186746182	1.82085927150871	-0.727820615408228
2420000000	2.14675498	-7.24482521082133	-17.6746237824951	-7.6571680759988	1.80924289510156	-0.889569070589755
2420000000	2.1991148575	-6.36623632362709	-17.4484446856495	-6.71866036097449	1.72761135315264	-1.04041291807353
2420000000	2.2514747351	-5.41130611637781	-17.5159612862649	-5.68739578052127	1.53063747810466	-1.16519689808851
2420000000	2.3038346126	-4.46147799532118	-17.210375284934	-4.69844566218837	1.25370180884575	-1.24779651988426
2420000000	2.3561944902	-3.73639675147345	-16.5220668060582	-3.97131139764292	1.00767983630903	-1.28856924797943
2420000000	2.4085543678	-3.45772125814734	-16.2089290676285	-3.69455938774235	0.829285791996611	-1.3044771770603
2420000000	2.4609142453	-3.73902089076566	-16.675965900734	-3.9656801607966	0.640063711847661	-1.32424786635117
2420000000	2.5132741229	-4.52869018293709	-17.1248600934951	-4.77438392427211	0.302876299578245	-1.38872666970316
2420000000	2.5656340004	-5.36336303204005	-15.2437400970334	-5.83443506984787	-0.132131133018539	-1.5480471680187
2420000000	2.617993878	-5.21308639464719	-11.5600924791314	-6.35890464631485	-0.369543137068718	-1.81698539885253
2420000000	2.6703537556	-3.80675938653179	-8.26499695762837	-5.73304503479648	-0.428084905614656	-2.09279834188791
2420000000	2.7227136331	-2.24438291815887	-6.03345579866248	-4.5945529614692	-0.413912871882635	-2.26618650754733
2420000000	2.7750735107	-1.34950591104262	-4.979888410053	-3.81729747851629	-0.376816478529257	-2.3432452579261
2420000000	2.8274333882	-1.40411621284834	-5.17038394963199	-3.7707339650913	-0.334252770598094	-2.36896532735574
2420000000	2.8797932658	-2.4903256791497	-6.71855142127889	-4.55051243867623	-0.291726666385953	-2.37852446962893
2420000000	2.9321531434	-4.61280105458752	-9.85806017188932	-6.15478044917807	-0.24677445391068	-2.39656351976392
2420000000	2.9845130209	-7.66490151207466	-15.0446454129955	-8.54172848475429	-0.181820150104849	-2.43795416053829
2420000000	3.0368728985	-11.3522778272133	-22.9320905554365	-11.6651393907377	0.00262368003443749	-2.50161562428575
2420000000	3.089232776	-15.5384030189894	-29.820993976033	-15.7035057278622	0.62547108856782	-2.54975094023358
2420000000	3.1415926536	-20.6688650288372	-26.9495676642638	-21.8349017024833	0.708360712769324	-2.47526265585447
2440000000	-3.1415926536	-30.0093464258963	-30.2572960806029	-42.5669394677083	-0.758215920038675	-2.77690805685856
2440000000	-3.089232776	-21.4175846390263	-23.6727294187958	-25.3425724974321	-0.831174287121629	-0.916048097184105
2440000000	-3.0368728985	-17.336388694369	-20.3401536942288	-20.3532334559511	-0.893927797318417	-0.714048722370735
2440000000	-2.9845130209	-15.756089130654	-19.3164615074964	-18.278220884958	-0.973897890642777	-0.333655680192197
2440000000	-2.9321531434	-14.3607108419942	-19.3725157563824	-16.0061475795654	-1.1195055823746	0.224579269207506
2440000000	-2.8797932658	-11.6296375450258	-19.0055526764056	-12.5073215591766	-1.33018690390396	0.701439067555946
2440000000	-2.8274333882	-8.65032352151372	-17.4711715732845	-9.26109725063109	-1.50432511104518	0.987626938391513
2440000000	-2.7750735107	-6.44369540602924	-15.5391577232347	-7.01446952281214	-1.58818535785544	1.15309567658492
2440000000	-2.7227136331	-5.21484928927253	-14.0643216617669	-5.82131693926901	-1.62146071806776	1.25559778644047
2440000000	-2.6703537556	-4.96059487369855	-13.3694371703785	-5.63712570879527	-1.64240266084919	1.32846316014188
2440000000	-2.617993878	-5.71030608468798	-13.4482128528259	-6.51089247885088	-1.66349165689618	1.39774347321421
2440000000	-2.5656340004	-7.5999068737646	-14.1166559788844	-8.69575473763796	-1.6796136236421	1.49842634653472
2440000000	-2.5132741229	-10.8612926194264	-15.1383425222858	-12.8921081190211	-1.67870881561157	1.72729958195979
2440000000	-2.4609142453	-14.546039736245	-16.4277527900885	-19.0852871592244	-1.65799975768064	2.60288651121661
2440000000	-2.4085543678	-13.2153429156445	-18.2757323415963	-14.8385811514134	-1.63596275639164	-2.47159305514726
2440000000	-2.3561944902	-9.80391113889762	-21.7796041729008	-10.0886008269746	-1.65285303779627	-2.13203701764139
2440000000	-2.3038346126	-7.47768174754289	-31.6999216278309	-7.49413997176017	-1.93351911865802	-1.97845749953395
2440000000	-2.2514747351	-6.01296514369376	-26.4113865657626	-6.05276952409473	1.80816401449851	-1.87686662239343
2440000000	-2.1991148575	-5.06893326270882	-18.2236958903608	-5.28422540902885	1.62670534698779	-1.80084540441724
2440000000	-2.14675498	-4.47970919968309	-14.220030232816	-4.96711964032891	1.53349367963838	-1.74326108730189
2440000000	-2.0943951024	-4.18963253246607	-11.7466317755318	-5.02777479515438	1.45527559242262	-1.69682858551587
2440000000	-2.0420352248	-4.1756646153051	-9.99610273584063	-5.49387649262676	1.39153370312671	-1.64984200777224
2440000000	-1.9896753473	-4.38464781886086	-8.61527253092217	-6.44337902485101	1.34418138436908	-1.58464676403605
2440000000	-1.9373154697	-4.67211385178131	-7.45667722008393	-7.92053008974552	1.30750364484544	-1.47437210031945
2440000000	-1.8849555922	-4.83856695956319	-6.51529455028181	-9.78320917253789	1.26919974315085	-1.27777377930181
2440000000	-1.8325957146	-4.767194403145	-5.84043054078883	-11.3636574936115	1.220050430381	-0.957342435127794
2440000000	-1.780235837	-4.52940032336577	-5.48434788728377	-11.5761763866945	1.15627568398442	-0.576645430712719
2440000000	-1.7278759595	-4.26269248832838	-5.45998688084604	-10.4434287309611	1.08207428948898	-0.28932112854319
2440000000	-1.6755160819	-4.04444741836467	-5.75451559100582	-8.9191701798855	1.00495970052497	-0.132320883716946
2440000000	-1.6231562044	-3.86300849224093	-6.33642182491547	-7.48605457666409	0.932438906823115	-0.0605520714581381
2440000000	-1.5707963268	-3.67203819471766	-7.15977333648576	-6.25222926268457	0.867561904669136	-0.0375157915944863
2440000000	-1.5184364492	-3.44862060880324	-8.18037882981015	-5.22939559306608	0.807705364062039	-0.0461926701161648
2440000000	-1.4660765717	-3.21351306644784	-9.36638977708637	-4.41968857067284	0.746931605397485	-0.0794254201117759
2440000000	-1.4137166941	-3.02836188238966	-10.7452159834048	-3.83322234852257	0.683135514445635	-0.131929949796655
2440000000	-1.3613568166	-2.97263927696736	-12.4102357351318	-3.497447799547	0.625052709439097	-0.197072875124069
2440000000	-1.308996939	-3.1416369399721	-14.5400980931348	-3.46835386722011	0.59761769184727	-0.267651088522655
2440000000	-1.2566370614	-3.63005253798751	-17.3076957682951	-3.82038006779498	0.656469294527762	-0.337510039097122
2440000000	-1.2042771839	-4.53859738308581	-20.3890936122759	-4.65300168260644	0.919054106046822	-0.402020036125118
2440000000	-1.1519173063	-5.9891635816556	-21.428909814406	-6.11508233456505	1.44123609209172	-0.455328784715621
2440000000	-1.0995574288	-8.1419636811159	-19.2372973440326	-8.49328002561884	1.83812483638381	-0.482434790643215
2440000000	-1.0471975512	-11.1084418105537	-16.5638388271914	-12.5638494730196	1.99275999170245	-0.428684199141052
2440000000	-0.9948376736	-13.4481038583099	-14.3761994748278	-20.6058067156627	2.04483633352051	0.122865455676849
2440000000	-0.9424777961	-11.1610321887568	-12.7085951851448	-16.3932202840636	2.06690257443412	1.76929239502399
2440000000	-0.8901179185	-7.2857825952709	-11.525541314039	-9.33898362699168	2.08335005477833	2.04165219889059
2440000000	-0.837758041	-4.20364191509165	-10.8252195637205	-5.26986354898727	2.10089830686096	2.1181370026499
2440000000	-0.7853981634	-1.91846664412158	-10.6094774013865	-2.54918826835481	2.12482913546044	2.16199772917726
2440000000	-0.7330382858	-0.243666291224954	-10.8656828298039	-0.637322212766458	2.16480661000258	2.1987143932956
2440000000	-0.6806784083	0.93826129649952	-11.5786118877738	0.687907280612764	2.23819273484906	2.23530748375192
2440000000	-0.6283185307	1.68235215996331	-12.7375143041197	1.52248228400597	2.36630753799536	2.27647334569927
2440000000	-0.5759586532	1.99916031084434	-14.3065172739272	1.89627564999276	2.5749032560798	2.32890682640125
2440000000	-0.5235987756	1.87066690524345	-16.2110578972379	1.80258819490954	2.89485790082591	2.40269531323138
2440000000	-0.47123889804	1.28640237263257	-18.1285067227845	1.23642309566274	-2.91960968196858	2.51242014446826
2440000000	-0.41887902048	0.30001017831519	-19.1907615564415	0.250901271191799	-2.30289362653367	2.67894434908777
2440000000	-0.36651914292	-0.851560865654986	-18.7530387701373	-0.92254823043614	-1.66736188873156	2.92539641240425
2440000000	-0.31415926536	-1.65246471096201	-17.5218328207201	-1.76636639298572	-1.12819682463669	-3.03100986688298
2440000000	-0.2617993878	-1.62490257246683	-16.1777462534078	-1.77986449690755	-0.670114418799716	-2.68623381562136
2440000000	-0.20943951024	-0.916716698049735	-14.7006167966777	-1.1023443300537	-0.271941440832313	-2.40928387660116
2440000000	-0.15707963268	-0.018761762725004	-13.0744870858245	-0.239148012016027	0.0484510004971654	-2.22564586592212
2440000000	-0.10471975512	0.753138759978853	-11.5175711020851	0.487729414136043	0.279913628800522	-2.11473414190924
2440000000	-0.05235987756	1.2693135383766	-10.2809149816598	0.954234004291376	0.43925151496391	-2.04786729299588
2440000000	0	1.45002279421176	-9.4847210056157	1.08490067643081	0.554934939528644	-2.00057197795934
2440000000	0.05235987756	1.21801022376289	-9.14779014382451	0.799241260926417	-2.49161264915427	1.19037463516046
2440000000	0.10471975512	0.505487810972164	-9.23531050957168	0.0181340545524572	-2.40453727931964	1.2646670359427
2440000000	0.15707963268	-0.709634983950361	-9.69823040528861	-1.29563172701179	-2.32508957311312	1.39400584306959
2440000000	0.20943951024	-2.23528777276533	-10.4944837100217	-2.93755959669879	-2.25970551466927	1.62251256411953
2440000000	0.2617993878	-3.44745310893037	-11.6041857644647	-4.16796055349789	-2.21505818097204	1.9750091689426
2440000000	0.31415926536	-3.59992411122764	-13.0079588718931	-4.12854434572484	-2.18335365680207	2.35687692866693
2440000000	0.36651914292	-2.9748735829335	-14.6636426896329	-3.27970507244422	-2.13803173893606	2.62749471691714
2440000000	0.41887902048	-2.42266440266959	-16.4333813582558	-2.5986520907232	-2.02934224190691	2.77102959310053
2440000000	0.47123889804	-2.38549502384786	-17.8842753357466	-2.50968918838921	-1.81486249468997	2.82486590967419
2440000000	0.5235987756	-2.95200697056779	-18.3730954044483	-3.07847581935125	-1.53018795773762	2.81105260275939
2440000000	0.5759586532	-4.03406963561618	-17.9185065156215	-4.21535952595559	-1.28431412817103	2.73202890129709
2440000000	0.6283185307	-5.38543494666633	-17.2424951358959	-5.6782802639497	-1.11763215217981	2.58175011547338
2440000000	0.6806784083	-6.63790611795363	-16.7487060970717	-7.08334261121711	-0.993037155733173	2.3715385544174
2440000000	0.7330382858	-7.54916483979375	-16.4695804371994	-8.14509974943869	-0.863181395794647	2.15398173892764
2440000000	0.7853981634	-8.26789925907232	-16.3146195535378	-9.00855964547053	-0.69803864953776	1.99873131392337
2440000000	0.837758041	-9.08644724818684	-16.227558935585	-10.0185051360084	-0.487576051798367	1.95542202386612
2440000000	0.8901179185	-9.99716867600146	-16.1649602170825	-11.1985802602903	-0.233156338713417	2.06886827804491
2440000000	0.9424777961	-10.3523819817858	-15.9964066638463	-11.734917673735	0.0567110766369523	2.37148548838794
2440000000	0.9948376736	-9.27462608568018	-15.4952370729474	-10.4593389819825	0.351537951752889	2.74882758774478
2440000000	1.0471975512	-7.1344484276844	-14.6134760770752	-7.98937076387682	0.599489491998905	3.02100294753015
2440000000	1.0995574288	-4.91656917063086	-13.5710733207696	-5.55302477039109	0.765832509306831	-3.1001331167301
2440000000	1.1519173063	-3.07138651374156	-12.6243931746946	-3.58159085334948	0.858968506585753	-2.99610075876712
2440000000	1.2042771839	-1.67704678573283	-11.8974328050998	-2.11081068593291	0.906992640456711	-2.92126407297656
2440000000	1.2566370614	-0.699455790649671	-11.4459927689639	-1.08148085387826	0.936782457628872	-2.86595330754706
2440000000	1.308996939	-0.0866881117482009	-11.2871499672102	-0.429261979976512	0.960821473909672	-2.82778292307803
2440000000	1.3613568166	0.209486125642227	-11.4334088019016	-0.0986999426121003	0.976173358607447	-2.80493692709955
2440000000	1.4137166941	0.217844329326779	-11.8723579901112	-0.0591956492296338	0.969519203777701	-2.79338078011312
2440000000	1.4660765717	-0.0529003472579882	-12.5705149616712	-0.303210370603574	0.927465271566847	-2.78754876248583
2440000000	1.5184364492	-0.615218349913516	-13.4643662154262	-0.84663192192039	0.849749920500739	-2.78354451722355
2440000000	1.5707963268	-1.4896522979235	-14.5304482935342	-1.71081710695957	0.751110814486088	-2.78236591551075
2440000000	1.6231562044	-2.68578955707577	-15.8263539227142	-2.90180453042748	0.653248329192921	-2.79205797256948
2440000000	1.6755160819	-4.18468579078609	-17.4550637866429	-4.39418350577343	0.563771069478509	-2.82608316779032
2440000000	1.7278759595	-5.91379957740306	-19.4420367407618	-6.11094215790093	0.467967327141236	-2.90122134929357
2440000000	1.780235837	-7.74496787051673	-21.5799217528804	-7.92837965586622	0.332599078032468	-3.02985148462784
2440000000	1.8325957146	-9.52604018347534	-23.5218989032276	-9.70264342845418	0.140412117214493	3.06573481742439
2440000000	1.8849555922	-11.1213807386952	-25.2740027225988	-11.2915986314655	-0.0873782686335468	2.81582736130077
2440000000	1.9373154697	-12.2897374609325	-27.6190469635277	-12.4189479794769	-0.36738095891882	2.50026400127187
2440000000	1.9896753473	-12.5992682082405	-30.9827039741191	-12.6627443727863	-0.926587002822568	2.14902686624582
2440000000	2.0420352248	-11.9559201413983	-30.1904732077697	-12.021626923941	-1.87135568523247	1.83453513242575
2440000000	2.0943951024	-10.9045818567983	-26.1218057706066	-11.0372226406712	-2.32614341926286	1.58615149904762
2440000000	2.14675498	-9.89592925792557	-23.6832983790354	-10.0814054644851	-2.50292050570214	1.37349466894861
2440000000	2.1991148575	-8.92020493646571	-22.6565251205307	-9.10792225940696	-2.65990983277774	1.16882719405861
2440000000	2.2514747351	-7.79303987314433	-22.040293739592	-7.95951763289735	-2.90164477718795	0.984180588733589
2440000000	2.3038346126	-6.55719209692202	-20.7281568477314	-6.72667839416414	3.09299730072747	0.853252014512044
2440000000	2.3561944902	-5.51073237942349	-18.8820710718286	-5.71530085888924	2.88458667596005	0.788128904834775
2440000000	2.4085543678	-4.94126816907072	-17.4718795233979	-5.19080832524627	2.76684658142907	0.770101760434241
2440000000	2.4609142453	-4.98173642593764	-16.8535948615459	-5.27355136292695	2.65677430179326	0.761778465395585
2440000000	2.5132741229	-5.57476227374997	-16.5222776434994	-5.93876601569439	2.44947962874022	0.710517360258879
2440000000	2.5656340004	-6.22190607024967	-14.9816418371616	-6.84198327827495	2.13484423944082	0.552936756147894
2440000000	2.617993878	-5.81053292984872	-11.8525914677581	-7.05279091827034	1.89840142681978	0.27743337619477
2440000000	2.6703537556	-4.13041493973494	-8.64292201947971	-6.02669866530166	1.80973950590283	0.0140122934181307
2440000000	2.7227136331	-2.40090762230339	-6.28881337485405	-4.68148005461292	1.80286731635646	-0.130308570812669
2440000000	2.7750735107	-1.45829005296248	-5.07354064744035	-3.9376953543542	1.82699727749806	-0.179403119110484
2440000000	2.8274333882	-1.58997435934531	-5.11627408962076	-4.13912308738973	1.85823097789837	-0.182676804785483
2440000000	2.8797932658	-2.93168056649757	-6.56122168737387	-5.40011601612996	1.88655651063067	-0.176304261521406
2440000000	2.9321531434	-5.61750144736597	-9.66428890877318	-7.79163800322038	1.90688247177225	-0.189147263140974
2440000000	2.9845130209	-9.78315752526419	-14.9138585296194	-11.374901947615	1.91443451085078	-0.249111799212333
2440000000	3.0368728985	-15.4388910781032	-23.2025072629627	-16.2342916690381	1.9165532449081	-0.374126763147561
2440000000	3.089232776	-22.756671186508	-33.4246678132292	-23.1459898038928	2.11129627111647	-0.51718620584288
2440000000	3.1415926536	-30.0093464258963	-30.2572960806029	-42.5669394677083	2.38337673355112	0.364684596731232
2460000000	-3.1415926536	-20.9243938152347	-23.4734438668486	-24.4508171230781	1.02272776492986	1.88563150813821
2460000000	-3.089232776	-17.7346197273593	-20.3457865703887	-21.1844815229404	1.09355930957312	1.5482849404798
2460000000	-3.0368728985	-16.1271128854605	-19.1118093291258	-19.1631681943091	1.02614999489902	1.5253367587734
2460000000	-2.9845130209	-15.7897276627439	-19.7121600326023	-18.0466130643997	0.850155311980372	1.81511644540056
2460000000	-2.9321531434	-14.8318050802584	-20.6816964510211	-16.1396196999362	0.554276840028064	2.33216283633884
2460000000	-2.8797932658	-12.1021450000571	-20.1034304301323	-12.8513066202786	0.293521405228922	2.78612141938257
2460000000	-2.8274333882	-9.16097700393775	-18.2195658335695	-9.73695527972008	0.227036988356768	3.06518783149136
2460000000	-2.7750735107	-6.97692001630394	-16.1437756308397	-7.53776006693417	0.258701583299496	-3.05244648575092
2460000000	-2.7227136331	-5.71650732048765	-14.5525613758405	-6.32498948031058	0.280713376585506	-2.94840149763083
2460000000	-2.6703537556	-5.37956935139798	-13.710012338412	-6.06945613023238	0.272280528841922	-2.8747584809886
2460000000	-2.617993878	-5.97754568743582	-13.5631685228353	-6.80961912574803	0.259359008418849	-2.80592043857213
2460000000	-2.5656340004	-7.58357600720489	-13.9233664690688	-8.7315751043595	0.280988264820725	-2.70874591324098
2460000000	-2.5132741229	-10.2684982007968	-14.5717541300947	-12.2837651311624	0.359083924027202	-2.50919762866528
2460000000	-2.4609142453	-13.447004065047	-15.4399597308133	-17.7883087251931	0.472801276819425	-1.9134343883173
2460000000	-2.4085543678	-14.1647641247824	-16.8955931875871	-17.473763540576	0.570774303240622	-0.689511692860032
2460000000	-2.3561944902	-12.0993527629209	-20.0213470526347	-12.8636060509357	0.618757854217239	-0.148868204650414
2460000000	-2.3038346126	-9.99580048384516	-28.5379001448113	-10.0569833612304	0.609127787235531	0.0930806317517485
2460000000	-2.2514747351	-8.37453773293073	-28.5758049726119	-8.41619962762091	-2.56728782341509	0.255102569420477
2460000000	-2.1991148575	-7.14958862950294	-18.7995774682891	-7.45725346205518	-2.64405311698615	0.377745768902391
2460000000	-2.14675498	-6.26774116309516	-14.4566377734467	-6.98246963371903	-2.71830518476561	0.471740957465081
2460000000	-2.0943951024	-5.69288346895656	-11.733769187612	-6.9355299019854	-2.77395590175777	0.548918095154774
2460000000	-2.0420352248	-5.36083506021001	-9.78876677341124	-7.30413045233468	-2.80471392200466	0.627688300846503
2460000000	-1.9896753473	-5.17157589567886	-8.30846267362503	-8.0588744837598	-2.82148818824138	0.731724835667125
2460000000	-1.9373154697	-5.01776630961285	-7.18020311355099	-9.08262259930514	-2.84181658348981	0.886368090403865
2460000000	-1.8849555922	-4.83092033074122	-6.36852079417793	-10.0864697820044	-2.87899222231444	1.10971977340586
2460000000	-1.8325957146	-4.61000157460775	-5.85518518405426	-10.643237227253	-2.93426823283057	1.38869499638489
2460000000	-1.780235837	-4.40029883957239	-5.62422789982863	-10.4981815263703	-2.99854173567526	1.67109812259177
2460000000	-1.7278759595	-4.24125623215915	-5.66265534762316	-9.78327207471469	-3.05995283352708	1.90386126375442
2460000000	-1.6755160819	-4.14056828585156	-5.96330263311771	-8.79071638336368	-3.11275946177897	2.0671787604643
2460000000	-1.6231562044	-4.0598238690951	-6.50667271695076	-7.71773060031393	3.12230797034272	2.16223835567938
2460000000	-1.5707963268	-3.94178679305567	-7.25692142687161	-6.66725248233204	3.06829069848414	2.19723233372562
2460000000	-1.5184364492	-3.7579693427873	-8.16934718456691	-5.71063457782394	2.99975717779375	2.18353019362404
2460000000	-1.4660765717	-3.53795557330734	-9.22060443854049	-4.90610126067395	2.91924877537005	2.13484060669532
2460000000	-1.4137166941	-3.38015702704694	-10.4653257711512	-4.32571432765689	2.84221067670724	2.06506088389906
2460000000	-1.3613568166	-3.4115519386954	-12.0323227814366	-4.05335575778746	2.79062307101957	1.98485947833871
2460000000	-1.308996939	-3.74818144762326	-14.0741390587149	-4.17100402605901	2.78812295600569	1.90067429002871
2460000000	-1.2566370614	-4.4770074429653	-16.6181004377105	-4.75071612450965	2.8701888593676	1.81602644626783
2460000000	-1.2042771839	-5.66996942109687	-19.2446662033964	-5.86496645478863	3.1020169978269	1.73370366651664
2460000000	-1.1519173063	-7.42437379480022	-20.4156150217232	-7.64814315354213	-2.77285227288169	1.6604560003096
2460000000	-1.0995574288	-9.89515089416256	-18.9991106205057	-10.4647328543687	-2.398742117641	1.61187504134186
2460000000	-1.0471975512	-13.028456972514	-16.5576741096645	-15.575277504098	-2.20307495486833	1.64284009912099
2460000000	-0.9948376736	-14.177638438648	-14.3409317793234	-28.5071876611609	-2.12033411538268	2.7826973144715
2460000000	-0.9424777961	-10.6861397946133	-12.6662736671115	-15.0495514540943	-2.08637026600321	-2.0235679260496
2460000000	-0.8901179185	-6.81444604288077	-11.5710918426262	-8.582660370196	-2.07156440415741	-1.93469161029884
2460000000	-0.837758041	-3.81965643954788	-11.0069806147737	-4.7407243757566	-2.05985546220523	-1.91241543132144
2460000000	-0.7853981634	-1.58582929896595	-10.9273459314397	-2.12313439480886	-2.03759105365108	-1.90272259198755
2460000000	-0.7330382858	0.0371207000015163	-11.3186426016649	-0.29295001766945	-1.98965598030389	-1.8935935217461
2460000000	-0.6806784083	1.14366102572208	-12.2193691962184	0.938691421371979	-1.89710456999817	-1.87790048904375
2460000000	-0.6283185307	1.79063200109459	-13.6602651634586	1.66504085626473	-1.72881387038735	-1.84817745208391
2460000000	-0.5759586532	2.01367406881356	-15.4731345347783	1.93551024801199	-1.43720491039833	-1.79620961080283
2460000000	-0.5235987756	1.82397045288556	-16.8820935470021	1.76506986735472	-0.99120046770482	-1.71278571323943
2460000000	-0.47123889804	1.2428610317948	-16.9900959425395	1.17712991296465	-0.486608808794403	-1.58612263757048
2460000000	-0.41887902048	0.342305094902439	-16.3344530096877	0.247938499418701	-0.0515563725264571	-1.40008753539887
2460000000	-0.36651914292	-0.673064159877191	-15.7423473240225	-0.810374557910195	0.336588100149149	-1.13660973938525
2460000000	-0.31415926536	-1.32462164489789	-15.1963857585857	-1.50645256053301	0.739014517854396	-0.800116589080655
2460000000	-0.2617993878	-1.19776226584714	-14.3069201918418	-1.415384977727	1.15258254084521	-0.451751554938601
2460000000	-0.20943951024	-0.457064959537949	-13.0803292275081	-0.70118689599459	1.52715077669469	-0.171582494073427
2460000000	-0.15707963268	0.402464652787103	-11.8986549773226	0.138964579753305	1.84416121081859	0.0158451304904726
2460000000	-0.10471975512	1.06307726148769	-10.9623407136093	0.781735860149421	2.11685042359919	0.129592210589723
2460000000	-0.05235987756	1.43582801404824	-10.2543355184511	1.13109789860208	2.34997766952475	0.197223389471774
2460000000	0	1.47820705472195	-9.74468155551537	1.13746873134074	2.53144527637691	0.244553131237655
2460000000	0.05235987756	1.1508611658133	-9.49860196806594	0.759800326057133	-0.493152932814885	-2.84574784381623
2460000000	0.10471975512	0.403380243347752	-9.60316186401022	-0.0534683693937931	-0.437028678261814	-2.76358996138634
2460000000	0.15707963268	-0.739708060205172	-10.0886238758049	-1.27603963792921	-0.424776720558664	-2.61636955182943
2460000000	0.20943951024	-2.01472845690951	-10.9433766548482	-2.6094538357566	-0.431324485746365	-2.36383376098765
2460000000	0.2617993878	-2.74672012297924	-12.1310951234666	-3.27841224985331	-0.432915876921269	-2.00945892335551
2460000000	0.31415926536	-2.44778288013886	-13.6096164689331	-2.79354247527437	-0.417173460079324	-1.66732191955653
2460000000	0.36651914292	-1.64462670766192	-15.3182216466082	-1.83513568526416	-0.383160241199778	-1.43873456239069
2460000000	0.41887902048	-1.07901446138568	-17.2432370577687	-1.1853474085991	-0.333170209004735	-1.3170605897761
2460000000	0.47123889804	-1.08746687880549	-19.4111862651972	-1.15182842602261	-0.245703908336608	-1.26699191531752
2460000000	0.5235987756	-1.74706666069257	-21.672588570282	-1.79147357269991	-0.0502611060600628	-1.26711960587004
2460000000	0.5759586532	-3.02465775312995	-22.9718041005673	-3.06884297750301	0.321305318450996	-1.31162466732211
2460000000	0.6283185307	-4.80003558615933	-22.125460293204	-4.88118643461822	0.711272318346777	-1.40533043625252
2460000000	0.6806784083	-6.80825854016486	-20.4878117543349	-6.99850052423875	0.937217248369529	-1.5543102449922
2460000000	0.7330382858	-8.68537839121915	-19.4530770350429	-9.06546281897781	1.05455020674805	-1.74034269390119
2460000000	0.7853981634	-10.2479622377904	-19.3093045428397	-10.8235501556812	1.15888298452884	-1.89432799943473
2460000000	0.837758041	-11.6233356430378	-19.8874698221944	-12.3247413236675	1.33161150804948	-1.9122690404043
2460000000	0.8901179185	-12.4957089144705	-20.5927605374329	-13.2270742144956	1.63994967133677	-1.70272671857552
2460000000	0.9424777961	-11.5708134596486	-20.3749623855232	-12.1841144369127	2.06489327169795	-1.33128144344943
2460000000	0.9948376736	-8.92859285486062	-18.9318310897471	-9.38580810559082	2.46395156758442	-1.04821493022444
2460000000	1.0471975512	-6.09623157367491	-17.0794512227391	-6.45712768260398	2.75239626543628	-0.905547626977575
2460000000	1.0995574288	-3.73923523477187	-15.4090694537399	-4.04544674326492	2.93674067073517	-0.834085125446519
2460000000	1.1519173063	-1.94251093321983	-14.1051664013445	-2.21482063150914	3.03470565930948	-0.789139363207037
2460000000	1.2042771839	-0.648562401497131	-13.1805952451444	-0.898018503126828	3.06366296272753	-0.752145087394542
2460000000	1.2566370614	0.215335865888184	-12.5879166361053	-0.0186036195564618	3.04701049190271	-0.718170083055467
2460000000	1.308996939	0.717157553854215	-12.307564424515	0.495151335475918	3.01146689850902	-0.687457497276572
2460000000	1.3613568166	0.90905872617335	-12.3465483863687	0.698829714244467	2.97694800839055	-0.661771500841348
2460000000	1.4137166941	0.827936756703497	-12.714263663923	0.631441537809719	2.9471639410153	-0.640432492797423
2460000000	1.4660765717	0.490279807114838	-13.39317676423	0.308948124189271	2.90894714810843	-0.621573275287849
2460000000	1.5184364492	-0.103978653063179	-14.2819866516846	-0.27318488519726	2.84289578963817	-0.603430032706119
2460000000	1.5707963268	-0.966476133413837	-15.2251851571079	-1.13250687161563	2.74013363422143	-0.587465444853023
2460000000	1.6231562044	-2.1151938267923	-16.0886494455726	-2.29272935922309	2.61593166448656	-0.580491007739828
2460000000	1.6755160819	-3.54753817830794	-16.8688955583917	-3.75453189011968	2.49784050227797	-0.595010736323801
2460000000	1.7278759595	-5.21745329963478	-17.6225730355207	-5.47453003149063	2.39713183026462	-0.647107133280191
2460000000	1.780235837	-7.00421253422768	-18.3245404132781	-7.33709374064714	2.29709628381485	-0.750997118158188
2460000000	1.8325957146	-8.71738717635663	-18.8554733528698	-9.15988672189339	2.17817597279006	-0.911792584076596
2460000000	1.8849555922	-10.2117798443462	-19.2601139002822	-10.7892144195529	2.04692942490081	-1.12387578210692
2460000000	1.9373154697	-11.4602834057876	-19.9528461611116	-12.1228594533647	1.93133639164524	-1.38286380716124
2460000000	1.9896753473	-12.4304195094832	-21.5971544843653	-12.9912761902336	1.8513742246398	-1.68645040180032
2460000000	2.0420352248	-12.9230816866011	-24.9590802927283	-13.2037158922121	1.82174186480319	-2.00814175027558
2460000000	2.0943951024	-12.8197961890708	-31.2174223870446	-12.8830637701398	1.91444186395414	-2.30662514501178
2460000000	2.14675498	-12.3398713399694	-41.0574535776726	-12.34571006457	2.82837852076055	-2.5768016028638
2460000000	2.1991148575	-11.6115627145429	-36.4684195813434	-11.625779757736	-2.29178129298004	-2.83603721229362
2460000000	2.2514747351	-10.4826524510125	-32.2556442649412	-10.5116214022233	-2.0520471054096	-3.07116460777877
2460000000	2.3038346126	-9.01839476972414	-28.1292508275217	-9.07202099866305	-1.84286226392766	3.04373375938616
2460000000	2.3561944902	-7.60816043108994	-23.7668380486627	-7.71463090755533	-1.69414086112223	2.95680613470678
2460000000	2.4085543678	-6.6117140232485	-20.3073899246271	-6.80123545687454	-1.65261947074412	2.92454229779551
2460000000	2.4609142453	-6.22411606752026	-18.0542659808399	-6.51884476082742	-1.72099053900773	2.90164836691745
2460000000	2.5132741229	-6.40358759188068	-16.3564657571432	-6.86642995754179	-1.90899133090761	2.83315791255671
2460000000	2.5656340004	-6.61510776168504	-14.0447721427361	-7.48084454911835	-2.15572502637319	2.66175426984395
2460000000	2.617993878	-5.85114004115165	-10.9357094307758	-7.46346421858914	-2.32157090397315	2.3869232042112
2460000000	2.6703537556	-4.07008366986093	-7.92247180339667	-6.37535753181867	-2.37027806601521	2.1365508390361
2460000000	2.7227136331	-2.34942322866556	-5.63740832589858	-5.09873106005375	-2.35538258238698	2.00282724163332
2460000000	2.7750735107	-1.42049086504755	-4.37081524096755	-4.49160627046658	-2.3214513083781	1.9606461888133
2460000000	2.8274333882	-1.59083466628394	-4.29883788906629	-4.9260579125122	-2.29282061211256	1.96246792427241
2460000000	2.8797932658	-3.06276356650172	-5.58937808916189	-6.61744922297126	-2.28103270404594	1.97270640602327
2460000000	2.9321531434	-6.08800336326151	-8.44523522868534	-9.86725959868763	-2.29576991641821	1.95986186103312
2460000000	2.9845130209	-11.0414900677011	-13.0853895357638	-15.2966817137703	-2.35013395833403	1.86843964361661
2460000000	3.0368728985	-18.2132013207811	-19.3336091027521	-24.6454502213134	-2.44097272006924	1.47527246776355
2460000000	3.089232776	-23.4986048513962	-24.5352943292224	-30.2279996646305	-2.38993242902055	-0.426036413131231
2460000000	3.1415926536	-20.9243938152347	-23.4734438668486	-24.4508171230781	-2.11886488865994	-1.25596114545158
2483000000	-3.1415926536	-16.0559927646373	-18.4651703905213	-19.7641930898894	0.630712453210671	0.963682095648617
2483000000	-3.089232776	-14.6139049240729	-16.5124827925509	-19.1222248518128	0.624598806933639	0.786804272658662
2483000000	-3.0368728985	-14.3928449133791	-16.1150740612789	-19.2424736311639	0.541844969161879	0.741446206811411
2483000000	-2.9845130209	-15.4947681823753	-17.4977597214859	-19.818892608343	0.389416315632386	0.974753477101548
2483000000	-2.9321531434	-16.3821902163628	-19.9752556984581	-18.8787526384012	0.0754465216418928	1.53351369856989
2483000000	-2.8797932658	-14.1772093271157	-20.8327633043443	-15.2340234945291	-0.407160732460122	2.02565976695521
2483000000	-2.8274333882	-10.8517335460526	-19.0357421376612	-11.5673370089564	-0.700753947691605	2.28381844588018
2483000000	-2.7750735107	-8.30462016960618	-16.8931433300577	-8.95158189033158	-0.76660710145683	2.42183985313329
2483000000	-2.7227136331	-6.76061205514187	-15.2853973909846	-7.41790015576632	-0.763617802136237	2.5080987281149
2483000000	-2.6703537556	-6.18366928104877	-14.3376231743817	-6.90467836645918	-0.756287333022434	2.57318213744501
2483000000	-2.617993878	-6.54550789149265	-13.9517175400703	-7.41643591195767	-0.7360381484559	2.63549789007763
2483000000	-2.5656340004	-7.83372617987611	-13.921392886449	-9.06098614412138	-0.671715819586867	2.71120683934417
2483000000	-2.5132741229	-9.9778074582877	-14.001809856304	-12.1668125469827	-0.552541681803551	2.82677217305488
2483000000	-2.4609142453	-12.6056524968516	-14.1696402512343	-17.7997135807044	-0.411924660962647	3.07008830836657
2483000000	-2.4085543678	-14.595066143581	-14.8426853155636	-27.1582879233554	-0.296058743487861	-1.94664566729538
2483000000	-2.3561944902	-14.7059935809014	-16.8446012356427	-18.8080376760843	-0.221195716782495	-0.613054199005356
2483000000	-2.3038346126	-13.0862698186451	-21.8340080321224	-13.7081912735692	-0.157757648908633	-0.325627870179803
2483000000	-2.2514747351	-10.7979268303051	-40.9761861564331	-10.80209712626	1.27314474108509	-0.161100462792552
2483000000	-2.1991148575	-8.71166791321219	-21.4542597490487	-8.94898946038102	2.70417269909052	-0.0412273272476991
2483000000	-2.14675498	-7.16484569244397	-15.7829747315556	-7.80707039025874	2.70563467846059	0.0519335794158289
2483000000	-2.0943951024	-6.15024943297987	-12.691333760691	-7.2391377496928	2.68102966946922	0.129761072444191
2483000000	-2.0420352248	-5.53237760827043	-10.5968352583547	-7.15377340031376	2.66552332326703	0.203383940385542
2483000000	-1.9896753473	-5.15486241439132	-9.01146721426178	-7.45718575026386	2.659138880251	0.284879577657373
2483000000	-1.9373154697	-4.89742094346676	-7.79143007626498	-8.0272115148142	2.65107274354879	0.388414124869727
2483000000	-1.8849555922	-4.7145287706737	-6.92744923298772	-8.70229281134439	2.62927575519843	0.528976214467629
2483000000	-1.8325957146	-4.61246478353364	-6.43176672782771	-9.2692022025836	2.58977282004685	0.716067877892526
2483000000	-1.780235837	-4.5677791609825	-6.26256549028825	-9.47434365077655	2.53676334396308	0.942000040379464
2483000000	-1.7278759595	-4.52856427309389	-6.35509322301414	-9.1714453805706	2.47863534980586	1.17288740364726
2483000000	-1.6755160819	-4.44188236605193	-6.63552174389233	-8.4588232465568	2.42318674215309	1.36558457150188
2483000000	-1.6231562044	-4.30757123801853	-7.07356670790593	-7.57674206223994	2.37200029502841	1.4954116211422
2483000000	-1.5707963268	-4.17136711506011	-7.68457370641896	-6.73099937372427	2.31781772948881	1.55869142642449
2483000000	-1.5184364492	-4.07726524107646	-8.50544276718842	-6.02042191871066	2.25019420001016	1.56439441425602
2483000000	-1.4660765717	-4.05707383220003	-9.57821203579292	-5.48658385598975	2.16264217317967	1.52720573431006
2483000000	-1.4137166941	-4.14691741497112	-10.9002202231107	-5.17718361705093	2.05891731623601	1.46319960270255
2483000000	-1.3613568166	-4.42216461079222	-12.4634453715498	-5.16383722507515	1.95808686034118	1.38562648704756
2483000000	-1.308996939	-4.98878701259983	-14.2895213734524	-5.53149170012979	1.8955127728342	1.30293594887538
2483000000	-1.2566370614	-5.96668714163834	-16.4177188230973	-6.37692088651749	1.92253118966095	1.21892764926081
2483000000	-1.2042771839	-7.46535154374418	-18.6427930493561	-7.80982023818742	2.11040903256244	1.13682664250169
2483000000	-1.1519173063	-9.63535365672908	-19.8747461368301	-10.0671260148663	2.50118659464631	1.06366686935834
2483000000	-1.0995574288	-12.6655628932871	-18.890775119918	-13.8488337311156	2.92227456791738	1.02091605118957
2483000000	-1.0471975512	-15.7390121159789	-16.8080156964161	-22.3506071095783	-3.10244426624647	1.16550867815291
2483000000	-0.9948376736	-14.0550761425744	-14.8881913232386	-21.6357693213639	-2.98051444808581	-2.73131128027905
2483000000	-0.9424777961	-9.69916497009208	-13.4649540175595	-12.0661295630021	-2.93065730396835	-2.56883311103523
2483000000	-0.8901179185	-6.15102611229991	-12.5524313693197	-7.28055359450438	-2.91153441648984	-2.57154719859988
2483000000	-0.837758041	-3.50262541829197	-12.133159100725	-4.14287644367371	-2.89526094399079	-2.59180593994519
2483000000	-0.7853981634	-1.54338477693217	-12.2158502765463	-1.93228451797429	-2.85893149783741	-2.61130627692709
2483000000	-0.7330382858	-0.122148105652537	-12.816893189741	-0.362172709239396	-2.78053891732472	-2.62205859160636
2483000000	-0.6806784083	0.84863802352381	-13.9340437417427	0.701800405873153	-2.63197229358413	-2.61743548365104
2483000000	-0.6283185307	1.41962339667324	-15.3683771768598	1.32766870851386	-2.3752793096941	-2.59089913894376
2483000000	-0.5759586532	1.61389264203259	-16.4692933965409	1.54583701413082	-1.98921675601728	-2.53583095886809
2483000000	-0.5235987756	1.43335958790348	-16.4417740940204	1.36193673533141	-1.5508587299544	-2.4448075550197
2483000000	-0.47123889804	0.886827967016542	-15.6240397047933	0.788745258584298	-1.18282840641886	-2.30735825473923
2483000000	-0.41887902048	0.0472243364318168	-14.8813895564941	-0.0946810470236447	-0.891897044163221	-2.10766156563095
2483000000	-0.36651914292	-0.848105028974383	-14.5606536658689	-1.03687537752266	-0.619441581118513	-1.82968575759072
2483000000	-0.31415926536	-1.33392298552429	-14.5374546802556	-1.54675114705094	-0.313724828021217	-1.48361235534984
2483000000	-0.2617993878	-1.06133968156674	-14.4543134072169	-1.26486740915175	0.0408915691906259	-1.13669192590824
2483000000	-0.20943951024	-0.254666694821248	-14.0717446163631	-0.438851246030121	0.417346929781802	-0.86290020638624
2483000000	-0.15707963268	0.606543483041769	-13.4331316720758	0.431749210976543	0.781414120731595	-0.678485686510676
2483000000	-0.10471975512	1.23483470994327	-12.6710837380234	1.0544581585466	1.11426535086932	-0.562354602058308
2483000000	-0.05235987756	1.52873778285364	-11.8590678675773	1.3249619391028	1.3981004770631	-0.487684763579783
2483000000	0	1.44777463279421	-11.1597912007486	1.20274325908615	1.60889722833262	-0.429920581565215
2483000000	0.05235987756	0.964124851325545	-10.8155979667169	0.665833092847369	-1.40631007490326	2.77777031673216
2483000000	0.10471975512	0.0847421235557535	-10.9944253365419	-0.267939065191301	-1.3603964232141	2.88145529774956
2483000000	0.15707963268	-1.07014283263507	-11.7369907042707	-1.45956920130844	-1.38385398131626	3.05843963273563
2483000000	0.20943951024	-2.05748016523201	-12.9286214583975	-2.42822540099622	-1.46261956746826	-2.94943645026943
2483000000	0.2617993878	-2.22245780814683	-14.3701517443436	-2.49573743170401	-1.57536114864448	-2.62080985253595
2483000000	0.31415926536	-1.53622833846372	-15.8597634078507	-1.69975228012815	-1.69134715508959	-2.34604691969927
2483000000	0.36651914292	-0.673660312661372	-17.3339668885993	-0.768388991072125	-1.77865251077745	-2.16955576521425
2483000000	0.41887902048	-0.171101842561547	-18.9125574839856	-0.229521154623661	-1.81770094516937	-2.06971693076121
2483000000	0.47123889804	-0.244685052341304	-20.8485477396721	-0.282642283248856	-1.7956364834801	-2.01845786585977
2483000000	0.5235987756	-0.956379561160381	-23.3806902043158	-0.981302473885855	-1.6779690825102	-1.99988855798589
2483000000	0.5759586532	-2.31025838109551	-26.1389694612726	-2.32828083878163	-1.37912644156393	-2.00807115491166
2483000000	0.6283185307	-4.26131217406009	-27.1678353485027	-4.28360917061287	-0.918941536674273	-2.04213327527457
2483000000	0.6806784083	-6.68532349374592	-26.225677052353	-6.73387180298744	-0.620154266025006	-2.09818312490611
2483000000	0.7330382858	-9.34152143612071	-25.6841464134826	-9.44352420711511	-0.544445084015808	-2.15410992226002
2483000000	0.7853981634	-11.8511751904276	-26.7949352355344	-11.9925784056119	-0.571810423478655	-2.14853891967668
2483000000	0.837758041	-13.4573344234605	-31.1678932954601	-13.5315394616858	-0.613689445519458	-2.00547269499513
2483000000	0.8901179185	-12.9688496242098	-53.7837844096495	-12.9692096294587	1.59405374620803	-1.77277472596993
2483000000	0.9424777961	-10.6228414040249	-28.5547433023506	-10.6933291694399	2.33934321665834	-1.61355393292209
2483000000	0.9948376736	-7.84764635735131	-22.5061818091299	-7.99881696959413	2.34590892294082	-1.55323470613903
2483000000	1.0471975512	-5.33433530892566	-19.162834783231	-5.51802573134934	2.35407544115838	-1.53806015044257
2483000000	1.0995574288	-3.25005209588265	-17.0100869372595	-3.43672489308425	2.35955236861583	-1.53109666712898
2483000000	1.1519173063	-1.6297082992583	-15.5188246304659	-1.8107988303876	2.34986278924373	-1.51824822582732
2483000000	1.2042771839	-0.460367144436979	-14.4744639436004	-0.636215115987503	2.32025491583122	-1.4978544368597
2483000000	1.2566370614	0.300784542099577	-13.7911213147974	0.128121951291229	2.27549543129669	-1.47289251677295
2483000000	1.308996939	0.709826687071375	-13.4654270964007	0.540510993567845	2.22485411759501	-1.44653457342783
2483000000	1.3613568166	0.849233746110053	-13.4971501801674	0.686584139126777	2.17322983614441	-1.42017020636206
2483000000	1.4137166941	0.771602265313042	-13.8557053480447	0.619321396686948	2.1165416706991	-1.39312495669897
2483000000	1.4660765717	0.516917191140627	-14.4331203011997	0.375721573960274	2.04471617537532	-1.3641977661868
2483000000	1.5184364492	0.0476741125999784	-15.1033420575983	-0.0870361860822136	1.9475512684781	-1.33270160402058
2483000000	1.5707963268	-0.681172058792256	-15.7484592741721	-0.818546585921595	1.82508133399414	-1.30164344444031
2483000000	1.6231562044	-1.73594374797283	-16.3111249494797	-1.89009640895895	1.68595278458236	-1.276684334118
2483000000	1.6755160819	-3.13636186919826	-16.7740382272931	-3.32848851191812	1.53827501565195	-1.26672128491893
2483000000	1.7278759595	-4.82266230084813	-17.0174732825354	-5.09289942317656	1.38717400062562	-1.28378126948327
2483000000	1.780235837	-6.63042440032006	-16.9170292734129	-7.05729118008816	1.24702790255129	-1.34117668322277
2483000000	1.8325957146	-8.32420483423217	-16.5467612107357	-9.03293936132005	1.1428564108869	-1.45012584930582
2483000000	1.8849555922	-9.7415234834207	-16.2503316171542	-10.8396532372964	1.09100047593919	-1.61571031324462
2483000000	1.9373154697	-10.9122881852312	-16.4157018706996	-12.3487267937038	1.0935320342686	-1.838633091551
2483000000	1.9896753473	-11.9058234713234	-17.2309711924492	-13.4141914431141	1.15092585348746	-2.11057305035825
2483000000	2.0420352248	-12.6453987237264	-18.5364339635386	-13.9388477553925	1.26606665595616	-2.39949252713199
2483000000	2.0943951024	-13.0696177077893	-19.7793138433264	-14.1116333937102	1.41939964758063	-2.66691082176856
2483000000	2.14675498	-13.3062924236117	-20.4403945608469	-14.2400299632833	1.5473343589238	-2.92135893867889
2483000000	2.1991148575	-13.3410963982419	-20.7511295133516	-14.2111758333351	1.60863968039054	3.07483661556213
2483000000	2.2514747351	-12.7871549294918	-21.5835917978903	-13.4016268333443	1.64883922793949	2.75648201746603
2483000000	2.3038346126	-11.4439435686879	-24.0594461730161	-11.6885147169762	1.77992806963101	2.49816836151167
2483000000	2.3561944902	-9.82397919998233	-28.7183186717057	-9.8803645892909	2.34712663146484	2.34781356599946
2483000000	2.4085543678	-8.58877976666854	-26.9606404709894	-8.65242658454281	-2.87364009201457	2.26934833480519
2483000000	2.4609142453	-8.07987633006123	-22.4651315526829	-8.24104941597295	-2.62969517680132	2.20680790620669
2483000000	2.5132741229	-8.21553068578429	-19.4398060188612	-8.55615584741747	-2.77802672538874	2.10336222470115
2483000000	2.5656340004	-8.26431284844167	-15.9056957016075	-9.08470209689312	-3.03440926807422	1.90784721729506
2483000000	2.617993878	-7.10365756337987	-11.8235249837953	-8.89047216457376	3.09792655831139	1.63819756144822
2483000000	2.6703537556	-4.98343827493634	-8.25335999198985	-7.74876510929918	3.06403130863533	1.41615068940431
2483000000	2.7227136331	-3.09007967512882	-5.68000267119208	-6.56585103555517	3.08288538985795	1.30267651739527
2483000000	2.7750735107	-2.0718728255635	-4.2572131038422	-6.10147298462391	3.11319917565986	1.26443113816716
2483000000	2.8274333882	-2.19283584814258	-4.07257070954739	-6.73573335949542	3.13664783213772	1.25914088992504
2483000000	2.8797932658	-3.63772495959404	-5.2258740010031	-8.77655851720372	-3.13679436955314	1.25894815893403
2483000000	2.9321531434	-6.62582042368356	-7.82947005417028	-12.7865966956703	-3.14013132458075	1.24267818748387
2483000000	2.9845130209	-11.3944599014406	-11.9478408422438	-20.6158139014902	-3.13805606366489	1.16854037907391
2483000000	3.0368728985	-17.0024043192425	-17.053532683051	-36.3191675860046	-3.04270366724347	-1.45230327247604
2483000000	3.089232776	-18.0159412334165	-20.0091394788997	-22.3568293538355	-2.72349029382243	-1.97939122572799
2483000000	3.1415926536	-16.0559927646373	-18.4651703905213	-19.7641930898894	-2.51088020037912	-2.17791055794118
2500000000	-3.1415926536	-14.0269156754257	-15.8238271218147	-18.7270135186445	-0.444788704022884	-0.354120716420574
2500000000	-3.089232776	-13.0017544706496	-14.337953331882	-18.7718699565573	-0.488118247867344	-0.444389350241508
2500000000	-3.0368728985	-13.0716701536846	-14.1369980710927	-19.6964610241465	-0.614271457166175	-0.407174134666554
2500000000	-2.9845130209	-14.2781529559124	-15.3830642965871	-20.7634709773735	-0.802852749697201	-0.0843272665833166
2500000000	-2.9321531434	-15.4917658908812	-17.7534580503289	-19.4071543413623	-1.11861269982869	0.488127738387044
2500000000	-2.8797932658	-14.2425244599146	-19.5589791832483	-15.7545074213179	-1.61622651176327	0.890116188192268
2500000000	-2.8274333882	-11.5585442064068	-19.0040741083832	-12.4207888355355	-2.05302752588967	1.08659086670913
2500000000	-2.7750735107	-9.30708313153831	-17.560307905185	-10.0104038156428	-2.22855456521268	1.19064270409203
2500000000	-2.7227136331	-7.84654898996796	-16.3250273446364	-8.5114507734201	-2.23725118318976	1.25688115000419
2500000000	-2.6703537556	-7.18119529930766	-15.3742212014071	-7.89518549964075	-2.17161414849927	1.30793985033223
2500000000	-2.617993878	-7.31939135051864	-14.6485609332059	-8.20761397503323	-2.07082403001774	1.35513546971435
2500000000	-2.5656340004	-8.27242002562406	-14.0692868596999	-9.59902184939163	-1.94834757432158	1.40268897532226
2500000000	-2.5132741229	-9.97687113192441	-13.5919994157674	-12.4563705985338	-1.82120278565928	1.44674318132483
2500000000	-2.4609142453	-12.0988010343698	-13.3628199991893	-18.075799614146	-1.71450467531812	1.45071502287175
2500000000	-2.4085543678	-13.705858588838	-13.7451702931262	-34.1581240043262	-1.64508590733055	0.256837918706032
2500000000	-2.3561944902	-13.6349964168008	-15.246400465092	-18.7216132959411	-1.61304101077966	-1.1863630585035
2500000000	-2.3038346126	-12.0330185734196	-18.83337601963	-13.0507728996878	-1.60701844708254	-1.18015262486195
2500000000	-2.2514747351	-9.90968193802297	-28.8223314699331	-9.96582856421224	-1.58669667129679	-1.13053461846722
2500000000	-2.1991148575	-7.96564038226525	-25.8952211232327	-8.03616613871592	1.43212208172574	-1.08131379908703
2500000000	-2.14675498	-6.47979421692285	-17.3652803342348	-6.84926338187817	1.43556124576615	-1.03841408600716
2500000000	-2.0943951024	-5.49310607269468	-13.4888619198799	-6.24330955106288	1.42912648719905	-0.999298570794475
2500000000	-2.0420352248	-4.93719460336228	-11.1049563517572	-6.13861568218463	1.43005724339427	-0.957994263808985
2500000000	-1.9896753473	-4.69483282505331	-9.44570068254405	-6.46595361199072	1.43362779585023	-0.905820313877236
2500000000	-1.9373154697	-4.64459619478932	-8.2342983814203	-7.14377326716024	1.4304174527098	-0.830638741026927
2500000000	-1.8849555922	-4.7048872296068	-7.40164625939051	-8.05313805860052	1.41300232862029	-0.715287540414006
2500000000	-1.8325957146	-4.83448341225787	-6.94495282663635	-8.98112146754137	1.37922507970935	-0.541577018804451
2500000000	-1.780235837	-4.99078382444657	-6.8475834869177	-9.57634888242658	1.33115293823239	-0.304092219699062
2500000000	-1.7278759595	-5.08938389482849	-7.04953815958229	-9.48760148361961	1.27304230485408	-0.0381378234119636
2500000000	-1.6755160819	-5.03957418679311	-7.46069969326554	-8.7317127735093	1.20909692177096	0.192277513291679
2500000000	-1.6231562044	-4.82646543779007	-7.99844710431855	-7.68088744687667	1.14242290926976	0.347633253511133
2500000000	-1.5707963268	-4.53897443000464	-8.63855968802595	-6.67914734779349	1.07244211778863	0.426877475265801
2500000000	-1.5184364492	-4.30101671705293	-9.43649532585515	-5.89064779634216	0.995452315459496	0.445495024818544
2500000000	-1.4660765717	-4.20727045202375	-10.4964400687972	-5.37070272079374	0.904056050546484	0.420975406113428
2500000000	-1.4137166941	-4.31721706002298	-11.8888835463329	-5.1522434920992	0.792068436898992	0.369382655131163
2500000000	-1.3613568166	-4.6852642225802	-13.6045962569951	-5.2813585248576	0.66284920661993	0.303104020035372
2500000000	-1.308996939	-5.38852573663481	-15.5841745939234	-5.82489612300936	0.542379351700612	0.230228511572047
2500000000	-1.2566370614	-6.53784737316214	-17.8184574892388	-6.8739082820901	0.493709550837708	0.156167132803031
2500000000	-1.2042771839	-8.29819072946512	-20.2774988258206	-8.5826356113059	0.623346045854311	0.0860902664618578
2500000000	-1.1519173063	-10.93916215362	-21.8459159312857	-11.3067478390898	1.03928546577855	0.0341573606866355
2500000000	-1.0995574288	-14.8196198654425	-20.5451606927977	-16.1719896678763	1.5331582760688	0.0602493652036612
2500000000	-1.0471975512	-17.479801282388	-17.9923247430167	-27.0142487368892	1.81053943566535	0.993988677863366
2500000000	-0.9948376736	-13.1335789014173	-15.8753861254284	-16.430070765158	1.92854785204451	2.45546197465293
2500000000	-0.9424777961	-8.58774385408558	-14.3891910980704	-9.9127104921464	1.97378854483288	2.53535498940276
2500000000	-0.8901179185	-5.31941304087047	-13.4392575770635	-6.04661076361179	1.99463573389859	2.52048035505145
2500000000	-0.837758041	-2.95878123079077	-12.9846981229645	-3.41348600554086	2.02427378091625	2.49163256673794
2500000000	-0.7853981634	-1.25631693531129	-13.061404093152	-1.55281096999114	2.08999823838541	2.46659026858148
2500000000	-0.7330382858	-0.0616012499829146	-13.7065758920777	-0.2533980670481	2.21836757495006	2.45390719038213
2500000000	-0.6806784083	0.727508050588545	-14.8098874877411	0.604428988789902	2.44227565481179	2.45980095704558
2500000000	-0.6283185307	1.17314872401152	-15.874656892547	1.08658725172992	2.78898005191794	2.48974384508964
2500000000	-0.5759586532	1.30155978143468	-16.0664781638353	1.22120867191964	-3.07197938072026	2.54881877196855
2500000000	-0.5235987756	1.10919656448475	-15.3229360997414	1.00929866295362	-2.69997630697017	2.6434183142941
2500000000	-0.47123889804	0.584164197612956	-14.4357386354281	0.445258259009681	-2.42667895359709	2.78423412906589
2500000000	-0.41887902048	-0.217268160598825	-13.9542470718679	-0.404956389038431	-2.2139983030814	2.98929381666483
2500000000	-0.36651914292	-1.04426767267087	-14.0283061869727	-1.2684182096916	-2.01002069400438	-3.00601282043908
2500000000	-0.31415926536	-1.39851230340186	-14.6139332339127	-1.61074417229345	-1.76819188664478	-2.65086350946843
2500000000	-0.2617993878	-0.97013999409518	-15.4895121900681	-1.12632265660746	-1.44714975124809	-2.30835867021617
2500000000	-0.20943951024	-0.092946182088518	-16.1234645722573	-0.202646002800748	-1.02560236193085	-2.05110753382163
2500000000	-0.15707963268	0.734955358623618	-15.829810642813	0.638095979871101	-0.553418184462851	-1.88361434961661
2500000000	-0.10471975512	1.26410863432055	-14.6130114306857	1.15041276244412	-0.144209329903918	-1.77884294070148
2500000000	-0.05235987756	1.4398061218599	-13.185387676733	1.28744980071883	0.146407952846013	-1.70719390631431
2500000000	0	1.25614223291225	-12.1422773684011	1.05287562392235	0.330926252545527	-1.64211388975974
2500000000	0.05235987756	0.726109262548272	-11.7626338234832	0.4740802638967	-2.70653344081925	1.58438450558386
2500000000	0.10471975512	-0.109346229591178	-12.1693725111958	-0.388381265596805	-2.66777836510924	1.71677511211026
2500000000	0.15707963268	-1.07294374122228	-13.4126817692135	-1.33403954784522	-2.69449496857154	1.9229344551884
2500000000	0.20943951024	-1.7114285897609	-15.3848149072811	-1.9019469227384	-2.80902347084175	2.20359200616
2500000000	0.2617993878	-1.582546755379	-17.5656564862245	-1.6934661535361	-3.04260065202387	2.49993875850376
2500000000	0.31415926536	-0.854335322296564	-18.8759174893726	-0.923370954087139	2.93092887360523	2.73487543889577
2500000000	0.36651914292	-0.0854876571975401	-19.073962025635	-0.140656311058156	2.70681179256023	2.8873209900591
2500000000	0.41887902048	0.33912345618349	-19.1530879400093	0.290030918027703	2.6399655084454	2.97711177694404
2500000000	0.47123889804	0.246893692989014	-19.7230794436803	0.202941275724291	2.69670286332706	3.02763425986503
2500000000	0.5235987756	-0.427407335255731	-20.8152577158409	-0.467309167398261	2.84141398781877	3.05536488462324
2500000000	0.5759586532	-1.70355833900444	-22.0592699686989	-1.74375792470146	3.0470068795891	3.06974350582566
2500000000	0.6283185307	-3.56775113809248	-22.9156549875699	-3.61851205992013	-3.02865837657009	3.07671953341197
2500000000	0.6806784083	-5.91948090809617	-23.28425828729	-5.9998929278646	-2.90709222492102	3.08531720362033
2500000000	0.7330382858	-8.49169490473312	-23.6381682848844	-8.62654839793513	-2.91512424843132	3.11819697713588
2500000000	0.7853981634	-10.7056568587496	-24.501869368881	-10.8907476152901	-3.05691192517872	-3.06643581830271
2500000000	0.837758041	-11.6545667980472	-26.0154371371774	-11.8166645363939	2.90534019549408	-2.89046894845572
2500000000	0.8901179185	-10.849431632919	-26.7747132896663	-10.9618572552611	2.33104935135881	-2.72440849580185
2500000000	0.9424777961	-8.96598128478777	-24.719099907922	-9.08301500055838	1.76326215888646	-2.64447143067671
2500000000	0.9948376736	-6.83978198235594	-21.7915071385644	-6.98092184058506	1.4563170048024	-2.6352752295333
2500000000	1.0471975512	-4.83309095358488	-19.4097971774598	-4.98718852183305	1.30243011588899	-2.65650273964761
2500000000	1.0995574288	-3.07215910412821	-17.5700954018775	-3.22912869340136	1.20229274261388	-2.6795016654617
2500000000	1.1519173063	-1.62561441376882	-16.0899154745859	-1.78382692199959	1.11581613681673	-2.68997214478478
2500000000	1.2042771839	-0.534706888916881	-14.9034781775375	-0.69650444016156	1.03700543603048	-2.68574640785716
2500000000	1.2566370614	0.190601568551981	-14.084246735475	0.0251985680840439	0.970020695305797	-2.67036436483243
2500000000	1.308996939	0.58393029730409	-13.7320442674991	0.420115991976698	0.914271071114071	-2.64905159995536
2500000000	1.3613568166	0.707114392583011	-13.8717186868509	0.553093625348595	0.85879548929906	-2.62542594232628
2500000000	1.4137166941	0.630117193231909	-14.3894586634284	0.491200627068448	0.784656873688901	-2.60010349634167
2500000000	1.4660765717	0.393583077576485	-15.0294519909966	0.267171736002889	0.674652820968934	-2.5712340118886
2500000000	1.5184364492	-0.0137293150667911	-15.5086963865341	-0.138034150085683	0.533568191173508	-2.53670985428951
2500000000	1.5707963268	-0.650809290349131	-15.7563289230062	-0.786960697351363	0.386088710667356	-2.49662446752458
2500000000	1.6231562044	-1.58847526508647	-15.9667475809317	-1.74991258605384	0.248759305815139	-2.4552176649905
2500000000	1.6755160819	-2.8630960982882	-16.2815922731142	-3.06540303518102	0.110369327126862	-2.42084810167569
2500000000	1.7278759595	-4.43454368470323	-16.5274523714238	-4.71140545563611	-0.0450634313039814	-2.40645051760753
2500000000	1.780235837	-6.14145355792664	-16.3414227158213	-6.57736754255061	-0.198103419549668	-2.42787795538963
2500000000	1.8325957146	-7.72291572338363	-15.6940835587096	-8.47777110562706	-0.296649370783212	-2.49968390013855
2500000000	1.8849555922	-8.97687560709488	-14.9993493099344	-10.2256385562721	-0.314833510528473	-2.62755901039985
2500000000	1.9373154697	-9.93218537055618	-14.6395442357314	-11.7253803500108	-0.264842039959775	-2.80841284047836
2500000000	1.9896753473	-10.7319675367877	-14.7210264063684	-12.9440277578257	-0.169517572964565	-3.0375078684228
2500000000	2.0420352248	-11.4063499454401	-15.1120373648513	-13.8173917726131	-0.0532582021127551	2.97967120285905
2500000000	2.0943951024	-11.8989199059281	-15.5332813125861	-14.3636695117925	0.0533982909485641	2.70258177203763
2500000000	2.14675498	-12.2698245688113	-15.825296752832	-14.7958184561781	0.122376074952261	2.4226593108176
2500000000	2.1991148575	-12.6108888036269	-16.154031247849	-15.1466350626151	0.152351471024047	2.1015054898032
2500000000	2.2514747351	-12.7166847634429	-16.9970501793421	-14.7455248279683	0.168522719293981	1.71928122699549
2500000000	2.3038346126	-12.1382063287795	-19.0930504650871	-13.1160643224825	0.204197454914285	1.38503124667879
2500000000	2.3561944902	-10.8948823604138	-23.6045370970961	-11.1340612803747	0.323953404966233	1.19055759771896
2500000000	2.4085543678	-9.66824984307356	-32.2680522714753	-9.6921830104072	1.04946036068113	1.10073329939443
2500000000	2.4609142453	-9.02589250035192	-27.8766140459974	-9.08285079249413	2.31590785235091	1.04628568435244
2500000000	2.5132741229	-9.03244771762261	-22.3720989167216	-9.23855036504557	2.23931915838729	0.963108063387905
2500000000	2.5656340004	-9.02599981885142	-17.3478831836661	-9.71736196715948	1.96307073034803	0.790160032166609
2500000000	2.617993878	-7.79487109036554	-12.4395671949427	-9.62045139786747	1.80811674079477	0.527181085697186
2500000000	2.6703537556	-5.54006645738769	-8.53802542003735	-8.56274257637797	1.76722230051653	0.288607433670748
2500000000	2.7227136331	-3.55525054515279	-5.86848005019665	-7.39630366307145	1.77462849075851	0.155679708526743
2500000000	2.7750735107	-2.51347539580156	-4.43820253025403	-6.97450630454937	1.79349714436489	0.105621187894136
2500000000	2.8274333882	-2.63938089111081	-4.24696643482973	-7.73450975951572	1.80798396702223	0.0978505167524031
2500000000	2.8797932658	-4.07081087355201	-5.33526580687809	-10.0465192244204	1.81420604733249	0.108178519952375
2500000000	2.9321531434	-6.95824856072292	-7.76722481269685	-14.6549450957074	1.82087577605158	0.133015804712675
2500000000	2.9845130209	-11.3391828391276	-11.5444526036323	-24.6960067471078	1.87068395350283	0.274926791638731
2500000000	3.0368728985	-15.6120777516735	-15.9093822505054	-27.4057103143614	2.09183218305685	2.78378291430314
2500000000	3.089232776	-15.6878681253654	-17.4995443062467	-20.3592996351113	2.51212928896603	2.88025847769503
2500000000	3.1415926536	-14.0269156754257	-15.8238271218147	-18.7270135186445	2.69680394956691	2.78747193716922
